view
2954
2029
2433
5006
810
2355
2725
2259
2502
1903
2413
2358
1090
2935
2264
1536
789
2922
561
2675
789
1185
1986
1944
1375
2945
3314
2050
1972
1541
3063
2388
2576
3620
2693
1811
562
2270
1943
2402
1469
1114
1208
2763
3061
806
3819
3643
2506
3201
1319
3442
737
1121
2696
3868
3203
804
2659
3445
2284
2515
2005
2258
2543
3034
2762
2600
2368
2876
3989
2639
3715
2590
2812
4036
1918
1228
3260
2942
1861
2752
2878
2972
2801
2112
2160
2504
1811
3512
2711
811
1472
1411
2681
3522
2495
3973
3481
2836
2018
2406
2406
2272
3524
1221
3847
3807
2430
1803
1688
2833
3564
3674
2964
3388
3038
2880
3126
3008
4180
2345
3192
1791
2519
2665
3141
2199
2497
1959
3605
1791
2718
2475
3860
4926
2551
2151
3692
3645
3672
3527
2878
1503
2395
3902
893
1959
2812
1379
4268
1807
4236
1746
2740
1997
1364
3645
1686
1999
3222
2312
2051
1633
3470
2429
2460
3004
1374
4954
2604
4650
1664
1249
2901
1356
3952
3142
2885
883
3478
3956
1447
1793
2229
3521
2605
4226
2385
2456
3234
2617
4104
2008
1687
3246
3369
2516
2876
1407
2785
2308
2591
455
3104
3663
2955
1845
3427
2676
1399
788
3007
1109
1786
3334
1058
5811
1515
2834
3227
3266
3187
3056
3852
4898
2830
2867
2388
4866
1492
2463
2882
2090
3611
1264
3400
2754
4093
2751
987
2502
1742
3794
3163
3192
1933
2695
4052
4167
1729
2271
2840
4009
1867
2594
3688
3476
3238
3600
3944
1946
2585
3682
4141
3059
2493
1418
3092
1802
3132
1579
3359
2907
3419
3973
1933
4170
2126
4210
3378
3052
2429
3621
1554
1117
3221
2233
3398
3783
2258
3586
3675
1403
583
2935
3452
3841
4380
5201
3591
4217
2711
1689
4421
2718
1666
4057
3179
2165
3087
5262
3954
2015
1874
3767
1868
637
1358
1581
2873
1860
3023
2383
1954
1825
2068
1684
808
3275
2236
4481
3246
3651
3536
3203
829
2609
938
3097
2950
2384
4407
2262
771
4004
4258
3590
4314
2954
2038
1732
4213
1038
3248
2926
2114
2457
4469
2008
2632
1904
3323
2491
1270
3151
2217
2733
2620
3223
2700
2876
3502
2891
3204
2216
2675
2583
1251
3813
1281
2773
1968
3345
2129
2222
2151
1400
2204
2083
1999
868
983
663
3193
4443
880
1309
1868
3537
2770
1725
2433
2637
2575
3133
2528
3676
1839
2846
747
2543
2448
3044
3705
1819
2333
1773
476
3121
3264
1843
1955
1729
3751
2957
2970
2222
2502
1516
1498
1255
3900
1639
3585
2036
2638
2972
2445
822
4678
2834
3266
3643
3195
2468
2963
2943
3084
2637
1974
1906
1847
1423
3189
1559
2375
594
2752
2771
2141
2301
1861
1092
2547
3155
1791
2701
2621
2945
2793
2977
2667
906
2454
1919
2734
2799
3154
2975
2060
2955
2275
2699
2009
1367
2554
3505
2554
2974
1640
4254
1276
3478
4198
3061
2379
884
3384
3457
2772
3178
3416
3990
2829
3911
2607
3512
3608
2693
2207
2936
2852
1674
2162
3377
2343
3518
846
2261
2473
1398
1606
2429
2159
2262
2025
3415
3954
2591
4124
2813
3045
1949
1437
4507
2386
3547
3848
2621
3722
3737
2968
3785
1706
2883
2629
3249
5367
3170
1339
3724
3588
4047
3186
3187
2896
3845
2390
4526
1186
3738
2401
2116
2852
2957
1518
2191
3006
2597
1778
2757
1331
618
4356
1367
3478
5400
4068
1708
2498
1975
3057
1836
3485
1172
3459
2706
2441
3399
3277
3402
3111
1788
1755
2801
1073
1841
2237
3203
3137
2819
2282
3680
1716
2030
1835
2821
1746
3303
3360
3441
3032
2528
2791
2204
2474
2156
2908
2979
4050
816
1696
3696
1326
3491
1299
2954
3278
3787
3424
2131
3004
2464
2179
2214
2475
954
2248
3865
2031
1497
3758
2152
3020
2447
3034
3245
1247
3029
2753
3004
2140
3372
2825
3861
1942
3169
2085
2006
3920
2295
1747
2258
3810
475
2496
3754
2510
2201
3912
3075
2261
3367
1025
2823
3844
2599
1418
1891
2562
4973
4242
788
3551
3981
3688
4277
2495
3526
3367
4010
1574
2033
3764
2172
2914
3099
1707
3804
3186
3916
1115
612
1691
1203
1793
2841
2117
3101
797
1909
3552
2963
946
4220
4114
3509
3349
1547
3465
855
2235
2133
2046
3755
811
3811
2223
2514
4364
3775
2790
1477
4056
3348
1046
2960
2087
1566
2382
2779
2718
638
3073
3072
3284
3423
3823
3832
3691
2421
1624
716
3377
991
3587
4569
893
3635
2895
2605
2951
2395
1891
2656
4782
4319
925
2776
4111
1230
3293
2304
1343
2803
1400
3369
5276
2639
1161
1941
2977
2942
4329
3645
2328
907
3072
1747
2888
2551
2203
3485
3060
3370
958
2654
2692
1956
3576
2126
3729
705
2141
4156
3526
2655
4872
3501
2812
3296
2607
3797
2035
1990
1456
1548
2557
3259
3265
2279
2900
2144
4041
3402
2239
3780
3073
3439
1094
2143
2040
4065
2143
685
3322
2933
2578
2954
3201
3879
1658
3417
4000
3921
3188
3023
3414
1934
3661
4015
4201
3042
3131
2066
2205
2036
2109
2721
2050
2374
3642
1486
2405
3480
1455
3013
2332
1834
2127
3190
3261
1261
1392
856
3275
3197
1994
2430
3985
2002
1791
1236
1415
2755
3122
2237
4699
26558
1415
2276
2322
2002
3317
1699
3360
4525
2998
4503
4248
2548
3832
2675
1953
1038
1812
1159
1829
2201
3983
3276
2033
3016
1750
2805
1913
1369
3607
3738
3838
2311
510
3310
683
2364
5362
4317
2454
1853
1475
2015
2588
1901
1884
3275
3795
2321
2972
3621
2923
3484
2294
3097
3159
3766
2627
2894
987
1961
2439
3107
2432
2240
3764
2448
2553
1917
1628
2292
1357
2989
993
3692
1879
3073
1976
2822
3431
1416
3110
4823
4034
3419
795
1930
2232
1139
3672
2428
2934
2875
1785
3694
1849
2102
4002
2601
1775
1974
2993
1517
2500
1831
1467
2001
862
3232
3472
895
1807
3475
1274
2288
1463
3024
2989
2849
1635
1896
1383
3030
3359
2214
3284
712
2156
1548
616
1050
1877
2340
798
3819
611
764
2627
620
4359
1742
627
4261
424
4374
2785
3506
4136
3275
3380
4183
2746
2991
785
2250
2767
804
3986
2928
2876
3972
3728
3866
3264
2206
2931
2088
1578
1365
2637
1996
1397
2242
1576
1991
1441
575
3148
2240
1142
1401
2298
3008
1284
1780
1678
3514
2499
1178
3268
4073
2516
2038
1493
1558
2764
2849
2307
4117
1186
2018
2338
3328
2265
2996
1653
3212
3303
2393
2284
2845
2078
2360
2682
1861
1474
2084
3851
4746
2589
1166
1137
3089
1150
2260
2484
2173
2865
2281
2651
2310
2558
646
2602
1474
1780
2706
2591
2553
2282
533
2139
1898
817
2882
1682
2638
3188
1793
1862
1444
689
1219
2752
2750
4223
2565
3216
1205
1620
1001
1619
3070
1110
1708
2186
1696
2812
2865
1364
3462
1339
1947
3276
3377
2998
3223
4362
1896
2952
3294
3458
662
1834
2191
2216
2109
3398
3217
1221
2429
1921
2096
2252
1010
1485
1018
2217
1388
1894
3165
1318
754
3619
2320
1773
1047
963
1261
1158
3734
2633
3151
3631
3267
2329
3892
4067
2668
3216
3619
4085
2999
2004
2396
3225
3096
3090
2237
2702
2429
1369
3035
2028
3308
1494
2221
3335
2887
2638
2817
1196
3465
1773
3037
1976
2051
902
645
3287
2520
2530
854
2538
2270
2128
1435
1596
1898
2374
665
1387
1926
976
1769
1292
1136
2427
1543
3850
2903
3907
2841
3895
3396
3561
1920
2232
2414
2824
1123
2016
4742
2733
2910
1141
3874
3458
2286
1466
2999
3290
594
3210
2441
2851
2242
2512
3049
1834
4861
3871
3511
1565
1961
1779
2646
3317
2789
4202
2626
4243
2632
2614
3533
3854
2873
2979
3647
4317
3119
2567
2793
531
3099
2576
2671
3774
3843
2514
2798
3693
3778
3234
1790
2617
1416
401
1456
1873
4277
1033
2938
2396
1258
2149
3680
2811
4947
4009
3529
2830
880
2240
2841
3275
1176
4501
4508
2586
2100
1834
1670
2341
1950
2617
2500
2939
2379
1478
1287
2325
1278
2286
1241
2242
1203
3588
1864
2251
3238
3226
2170
3561
1310
1583
1044
4545
1381
3527
3818
2541
2812
3159
2565
1956
2426
1144
3202
3661
3778
2909
2232
2970
2425
1465
1969
1850
1174
1247
1808
1646
860
2098
2677
2639
2596
2505
1164
2471
3545
2777
1397
1954
4769
2505
3129
1307
3250
534
2369
3911
2869
3699
1355
3152
4020
2258
2708
2888
3644
1829
1812
1938
1678
3370
3364
2235
2167
1993
2812
4405
1796
3406
2413
1626
1024
1058
1747
3592
1538
3685
2852
2284
1566
1603
3572
1721
2540
2929
2560
2459
3190
1887
1253
2613
2873
1840
2030
2339
2150
2583
1076
2911
2358
1424
2462
3312
3038
4017
4299
1571
894
1945
1831
881
3497
3605
2989
1287
2693
3039
1323
2742
1594
1191
3399
2912
3387
1664
2019
1453
3285
697
3950
1568
3378
2149
827
2670
1385
4122
4130
2912
3038
1658
2639
3893
506
3704
1997
2528
1314
3153
2199
2479
2423
902
1330
2932
2482
541
2598
2573
2722
2902
3091
2827
789
464
2623
2204
2741
1116
2483
1187
4278
1854
3408
3314
3021
940
2283
1681
3549
3104
2077
3017
3850
5264
2786
2425
3604
2283
552
2013
2629
2473
2605
2432
3710
1983
3036
1492
873
1963
1442
2135
1342
1431
2245
1257
2751
2064
2642
1492
2186
2528
780
3108
1705
1946
2055
1916
2604
2813
1233
587
1880
2592
2774
4149
3332
1547
2350
2235
2390
2480
1860
1749
956
1763
2176
1337
3043
865
2547
2307
2118
2069
2108
846
978
2665
1302
1081
2339
1010
2984
1028
4065
3223
2588
2709
2713
2675
849
2774
1097
2268
2761
3771
4210
3283
2796
3104
2654
2949
2989
1240
783
3134
4282
2320
2218
2789
3182
2056
1371
2097
962
1020
1303
2279
1580
2256
2872
1308
1086
3243
3062
2576
2224
2963
2438
2267
2935
1667
919
2172
2177
1338
2106
3671
1621
2780
1348
1282
2339
2933
2851
661
2321
1124
2685
2199
2789
2617
1458
1983
1116
1300
1220
1342
895
2359
2729
1584
1643
2013
917
1895
1882
2895
2931
1209
2542
2785
2546
2684
2281
2949
2031
1881
3592
2972
2935
2497
2897
2772
3919
3765
767
4114
1417
4111
3113
3631
1907
2605
3109
1279
3368
1713
1784
1241
3667
1806
1447
4208
3753
3142
3499
2110
3424
3889
3593
2254
1108
2468
1802
659
1894
1789
1169
3041
1205
3863
1560
2999
3122
2457
3306
3251
1929
1869
2385
2832
1350
1339
2687
2331
4698
2725
5587
1285
4087
3266
1580
1410
2849
3722
3271
2474
1071
2423
2689
2789
3980
3167
1239
1446
1542
3557
3444
4159
2650
3633
1643
2795
3661
2501
3119
3501
3794
2071
3064
2591
2113
2526
2378
1694
1055
2437
2493
3023
3112
3744
1627
1605
1506
2790
3193
4129
5015
4188
4139
4263
3957
2237
1884
2061
2442
4020
3087
4042
2698
903
1943
1977
3865
4011
1715
1315
3400
4595
2296
2520
3178
3398
1407
3849
776
1952
2797
4004
1539
2873
2948
2344
1656
2055
2836
1869
1832
2685
1852
1464
4268
2365
2455
3241
1543
1049
4395
3152
945
2181
2357
1069
3199
1697
1725
3738
2059
778
1630
832
1769
992
3010
723
2875
2979
1758
1041
2388
2847
3982
3289
3625
3222
4153
3393
4516
945
1030
2708
2353
1681
1658
2773
1515
3359
4021
2182
3319
2033
3852
2073
2018
2799
1408
3141
3395
2384
2276
4639
3905
2895
2296
2985
934
2475
2361
1370
2491
3189
2308
2510
4365
1780
1564
3830
2744
4084
3089
2524
2624
1285
1615
816
1764
2713
2369
2913
1938
2067
2450
3948
2779
2097
3853
2517
2919
3127
2219
3259
3441
3086
3200
1686
3804
4015
3942
3712
3858
2694
2742
1056
2568
2276
1316
3423
3559
1611
3385
1915
3335
3532
2789
1676
2514
2667
964
4002
3251
3968
3060
1522
3130
1544
3092
2624
1686
3446
2737
2665
2831
1602
3237
4525
2063
3392
1863
3551
3496
2623
4640
2441
1674
2710
1548
602
2611
2977
3415
1847
807
1949
1148
3839
5219
5372
4070
3231
2108
3647
2797
2702
4968
3713
1475
2298
1143
2423
3295
3657
2718
3337
1838
3496
510
2923
2594
2771
2378
2927
1310
1326
1909
1834
5103
2329
1193
1691
1699
1474
1774
3104
742
2679
2885
1465
1251
2780
2541
3622
2203
1736
2197
2665
3199
4489
5350
1953
2248
1746
1568
1028
1723
2923
859
2032
3026
1681
2317
1819
1665
2056
1034
2599
2506
494
2391
1796
2458
1707
2210
3710
1997
1719
1022
3323
1430
3894
2620
2208
2915
2568
2636
3657
2103
2247
1054
2621
2496
2489
1074
3050
3416
1507
3046
1771
4136
3901
1823
4560
1394
3533
4020
2606
1565
1425
3546
3093
2567
2618
1382
1990
1771
1007
2672
1994
3443
3445
2373
2486
3327
1093
3052
1830
3265
2407
1745
2106
1620
2648
3783
2532
2748
2715
2602
2600
2136
2860
1771
2672
4023
3243
3700
3575
3198
1300
4563
3446
2927
850
3561
1090
4082
2962
4255
4977
3483
2058
3571
1301
1777
3683
2828
2358
2312
1419
4223
781
7167
2929
4549
2598
5825
3157
2821
1411
2131
3624
2781
1400
2217
625
3171
3152
3386
3436
3974
3118
1974
2959
695
3476
1982
3108
3448
2996
2638
3200
3597
3904
2420
1091
3603
4918
3716
2430
1092
3965
3319
3809
3510
2263
738
2526
3478
1067
4133
2772
794
2127
2026
3600
2344
3749
4995
4414
5518
4045
1500
7067
5463
3546
2172
2756
4741
4341
4251
1891
2447
2785
2791
2049
1646
1449
2804
3729
2147
3259
1628
4937
4271
1890
3052
1317
2446
1018
1320
4163
2253
3632
2618
2501
3681
3687
1685
3234
2256
3258
1274
1178
3387
378
4404
2233
5958
2085
5187
5179
5656
4040
2334
4788
2102
1963
1903
1139
2422
1684
3132
2500
788
2568
4233
3716
3158
4325
3546
3732
1825
3656
1715
2802
4008
2280
1612
3427
3179
2113
1783
4184
1807
2914
856
3834
2316
3748
1872
2727
3551
2932
3586
2117
1859
2005
2404
881
1687
3090
988
3584
8322
3258
3700
3633
986
1525
2867
1198
3313
2841
935
3312
4061
4203
1683
3314
3444
3757
3159
1379
3112
3747
1837
1469
3500
5777
2369
3074
866
3761
2354
3184
2115
3661
4714
2765
2589
1157
4576
1758
1556
1294
1115
2939
904
3238
2951
2781
482
3535
2766
3626
2609
2212
2527
4165
2112
3473
3427
3974
2873
2717
5294
2873
1584
2013
2840
2513
1785
1660
880
3017
1815
3842
2891
4686
2473
3681
3454
2573
3408
3184
2483
2957
4851
2905
1553
1161
3597
2411
3229
4171
1252
3964
3854
3553
2831
2216
4753
2583
3293
2950
4477
2677
2268
3915
3649
4926
2345
4380
2227
2108
2415
3031
3273
3838
2921
3114
4009
3872
3194
3603
2087
3222
2871
1994
4028
2884
2854
2995
1558
2583
4606
4071
2825
2767
1873
989
2966
3147
4287
2652
1478
753
3638
3549
985
2649
2147
2893
3827
3100
1457
3082
2355
4425
1223
3740
1340
2048
3060
2882
3668
2056
3521
1545
2830
1182
3173
1419
2802
1720
3991
2674
4342
2676
2623
3210
3805
1667
3138
2513
3861
2619
2851
4154
2713
2768
736
1808
4729
4783
917
3602
1352
3232
1632
2989
2628
759
489
3716
2324
2539
2743
2391
2744
3848
838
3676
3643
3396
4241
1052
3990
2936
895
2194
2865
1377
3202
1724
2553
2391
2491
2683
2253
3014
1843
4360
2144
4068
3938
1251
850
3349
1512
3430
5714
788
3899
2477
4079
3414
3218
3653
3789
1441
5175
2442
1176
1224
2647
2580
3439
2875
2909
3036
1789
790
2410
3179
2302
2165
5086
2798
4475
2661
1000
2288
2862
1882
3418
3937
3400
2237
3792
3782
2975
2661
3307
4091
3552
2509
1284
2765
3039
4295
4310
3014
2679
2521
2226
2890
4067
4765
4452
1493
2649
3592
3371
4019
2626
2823
2739
3898
4111
1826
3914
4734
4079
4166
3428
3078
1802
2811
3895
4384
1962
2921
3679
3847
3187
3604
2822
3013
552
3150
4271
2857
866
1214
1215
3109
2434
1195
3921
1396
3073
2394
2508
1993
2888
2800
3885
2484
1606
3382
3507
2448
3868
3781
3370
3262
4046
3312
3300
2464
3536
1956
3080
283
1331
3022
3276
2705
1887
3537
1657
3173
4042
3466
3293
3254
3299
1368
2562
1976
1379
2944
3051
3070
2984
2603
2724
1252
1744
1871
2541
2133
3511
2820
2614
1702
1473
3052
2820
2221
1508
1389
1005
3041
3646
2249
1359
2451
3628
4472
4340
2975
2264
1492
2644
2577
3031
2382
3262
2476
4239
2082
4068
2089
714
3742
2916
4206
957
2163
4198
2815
3422
4669
3075
3225
2424
1663
2856
1466
2310
4297
3859
4450
248
3116
3519
2175
2007
1874
908
3681
4042
2656
1373
2132
4167
2127
3764
4068
1303
3709
2765
4173
1974
4044
3642
3423
645
5059
1935
2711
2163
2241
2288
2623
3055
2797
3770
4182
3515
1308
2618
4788
1322
3932
3535
2641
3773
1524
1508
891
4021
2729
3603
4607
2367
1197
2172
2597
3174
1433
3018
3818
3703
2756
1858
1623
1696
1589
4520
3801
3332
1318
3625
4405
1090
4123
4952
3931
3580
3411
3281
2720
2591
4313
4398
3880
3967
1522
1449
4512
4262
1828
1664
2353
2044
1239
3674
4505
2598
2207
2382
1923
2913
1809
3313
4852
4282
3965
3923
3425
1372
4300
3939
3531
4788
3173
3785
3935
2567
4981
2299
2118
4129
3862
3210
3034
4426
2468
3574
4423
2169
4385
707
4815
1627
1333
1731
4974
4388
5824
3325
2297
3852
861
2792
3873
3811
3153
4276
3118
4631
695
3292
2791
1685
3956
1292
4779
1627
3843
1941
4101
2852
4312
1396
4176
3940
2939
2511
3520
2593
2349
2638
3751
3735
2138
3233
3533
3003
2859
3843
674
3579
3058
4247
2171
1485
1482
6360
2792
3303
2719
820
3869
4780
2091
4486
4154
2759
3737
4009
5150
1523
1976
4164
3798
3599
1087
2582
2213
2941
5050
1622
3558
3207
1825
2846
3342
1279
1449
2344
2296
3348
3065
4268
3224
3632
5188
2643
4296
3518
4720
2298
3323
3428
3088
2502
1199
927
2893
1891
2936
596
2694
3903
3195
3888
1786
2484
2463
1401
2663
2052
3195
2019
2804
1852
2711
3201
1196
3449
3643
3294
970
1013
1123
1772
2024
669
4564
3971
4793
4485
4893
2963
3038
2603
4824
1022
3344
3661
3607
2366
2135
2830
2548
930
3047
2311
3203
3716
3291
1401
1252
5388
2092
1553
3270
1947
1788
1185
3217
4486
1711
4281
4697
1737
1551
2016
4567
4860
4566
3213
4355
3032
2014
3560
706
1902
2170
2279
3538
1310
3898
5552
1278
2743
4034
3676
2704
2413
2034
2872
2730
2458
604
2237
4803
4769
3620
3401
5047
829
3479
3484
2581
2733
2925
1746
2450
2326
3758
3985
1867
1577
1819
4878
2958
1852
1859
2845
2181
2413
3612
2828
2893
2506
3803
934
2880
1130
3861
3912
2280
3906
2652
2658
3009
1673
3638
2716
4899
4086
3645
2608
3383
4568
4442
3251
3276
1770
3314
1982
6898
1447
2632
3925
3670
3474
3141
3948
1452
2218
3574
3662
3186
4420
3391
3725
3989
4545
2664
4691
3262
2967
942
2891
2025
3642
3241
2749
1438
2888
1439
3670
867
2828
3424
551
3176
752
3821
3542
2615
3932
3282
3711
3388
1465
2463
3046
3860
3674
2533
1641
3074
2171
4465
2417
2651
4388
3014
2226
3382
3016
2660
1910
3788
1272
3474
1577
2448
1659
3433
1281
2282
3869
1517
4506
1609
4091
2204
3329
3240
5423
4305
4473
1609
2202
2923
2633
2713
4026
1784
2836
3706
3833
611
550
5326
4875
3744
4825
4290
3938
3715
4313
2591
3027
2803
4021
3728
3625
4452
4058
4046
2109
4503
3712
2472
3902
3532
4122
2617
2951
4494
2456
4715
3744
1232
3505
2202
2317
3262
3169
3755
3863
3097
2961
2735
2590
1675
2050
3857
1353
3819
3791
2909
2567
3663
3115
1550
3087
4109
4416
968
3485
3766
4434
5964
3578
2973
3696
3901
4726
3153
3804
3949
3171
4778
2700
2026
3212
1798
5155
2904
4823
3369
4868
1397
1760
5249
3929
1549
4320
2031
3245
4057
4632
4337
1099
3352
3851
1411
3267
2475
4127
1433
3050
3718
2723
2338
2347
3511
2515
3618
1459
3302
4743
2967
2724
1218
4045
5009
3475
2667
3203
3651
2906
1494
3937
1676
3121
2085
3812
3455
4351
3473
2986
3489
3684
2602
2316
3673
2226
3777
4141
2474
4060
3073
3490
2957
3172
2961
1698
4054
2003
1281
2281
3125
3132
3673
2612
1400
3085
923
4605
3616
2201
4060
3047
5743
3892
3043
5883
1770
2589
2898
4712
3566
2717
3022
3816
1355
2426
4076
2437
2870
3589
1074
1463
2751
1499
1309
3357
3999
2528
1561
1712
2284
3166
3094
3955
3778
4696
1608
2663
1586
2686
2396
1729
1436
1234
3773
1757
4117
3602
4349
3066
1225
3860
5201
2874
5074
3983
3737
1648
5308
3630
3680
4572
1763
3649
4192
2886
2039
3468
4974
2923
3380
3065
2684
4525
2377
2589
5317
3559
2522
4205
896
4166
3563
1603
1565
3519
3026
3322
3253
2578
1441
3650
3421
2722
2748
3042
3905
2871
3352
1789
2534
5544
4538
5492
4739
2895
3283
5408
2290
2782
3883
3784
3219
2287
4379
1281
1256
2770
2884
1603
3696
4675
3054
3446
1962
3022
3467
2300
2521
2894
781
1596
2768
3157
1415
3173
4014
3493
3221
4171
4988
3987
2718
4283
3916
2193
3035
3462
3415
1730
2064
2468
2127
3153
4159
5368
3936
3610
1056
7627
4248
2621
1531
1069
2110
1861
3563
2936
2165
894
2795
2786
2626
576
4157
4654
2688
2324
3706
4817
939
2547
1690
963
3541
3580
3448
2244
5069
3545
4020
2821
1174
4438
3262
2992
3066
2709
3535
2409
3684
3615
2730
1514
4470
3177
3329
3361
3449
1019
2547
4052
3014
3333
3951
3733
3649
4247
3043
3143
3477
3642
3877
2592
2430
2484
4560
4270
3813
2685
4646
3774
1451
3149
2333
1832
3415
3771
3856
3215
4242
1854
4843
2533
5709
3858
3195
2621
3218
3238
2528
3825
1201
1245
3859
1936
3411
3958
2508
4108
2266
3529
2192
3044
3539
2425
4541
2683
466
1345
2687
2575
3398
3417
6890
3792
4591
4282
2328
2341
4193
4222
3705
4189
2722
4928
3355
3253
3700
3187
3550
3488
2973
707
5097
2422
4483
2678
2834
2407
3147
4500
3718
3136
5939
2917
3771
3292
5478
3385
2887
2720
3302
1187
2642
2476
3774
2091
3040
3485
3249
3952
4579
6669
2627
3337
1972
3349
803
4502
4708
6445
3296
779
529
3774
3805
3169
2938
5602
4154
2783
4835
556
4615
4217
3391
3412
3967
3894
3013
2406
4806
3850
2880
4781
4709
2686
2379
4389
2010
3934
2492
4582
2702
1034
5070
2337
3725
5346
3504
4392
2570
1883
2115
1580
3577
2588
4629
1339
3455
975
4299
2843
3641
1768
2932
5104
5498
3768
1491
4632
2380
4188
4213
2790
2176
3848
3264
2617
3664
1658
4055
3551
3583
2729
3195
3176
2656
530
536
4732
5019
4765
3731
3843
5422
3079
1137
1531
4210
4467
3088
4151
2168
2804
4784
2181
3853
2182
1898
4725
3972
2161
2162
2575
4739
6048
4556
2335
1422
2127
3151
3969
3571
2111
3545
4510
3818
1041
3488
3276
1644
3842
2489
2587
4363
4035
5061
4209
3590
4062
4131
4186
3936
2216
5057
4483
2238
1601
1705
3712
3559
3240
3390
2363
851
5323
4463
5538
4576
4946
3732
1692
3646
4149
3059
3681
2095
2846
2481
5043
1981
3796
747
3401
3343
3964
3203
4011
4546
2495
2890
1803
4862
2070
2839
2914
3045
3373
2881
4155
1967
1415
3776
2923
3138
1497
3940
2443
3480
815
3486
4868
3227
1147
3214
752
3601
4507
2334
4826
3578
4565
5458
5080
4650
4290
2816
2203
3804
3805
2438
1611
3214
4170
2620
1505
4953
3176
5333
2358
1284
948
4113
4039
4550
3499
3057
3316
3665
3412
2947
2960
1082
2700
3442
2961
4370
3652
4122
3044
3786
4427
3481
2902
5397
3089
2317
4444
1951
3892
3830
3771
3661
4295
2541
2262
1221
3179
2286
1852
750
2895
4504
3521
3018
1073
3315
4521
1943
3082
3582
4368
3843
1734
2201
3390
2905
4980
3656
4084
2273
3244
3516
5733
3185
3460
3367
2893
4089
3867
3853
4262
3256
3698
3673
2276
3523
4450
2696
3932
3304
2238
2366
3329
2830
2909
3634
3904
1203
3837
3980
3930
3915
1304
3365
4644
3328
2064
1194
4258
4779
3618
1857
3910
3363
2796
3848
3863
3853
4137
5093
2917
2083
3056
1308
3744
4533
3443
3499
4238
5138
3319
2712
658
1922
4756
1276
2821
822
4465
1174
3566
4526
3691
3825
2870
2718
4179
2197
3727
4099
5195
3387
2493
4080
3352
3647
3911
2012
3454
3608
3886
4473
4354
1762
1962
3651
2210
3473
4367
2593
3983
3563
2906
3799
3753
2563
2987
2633
4290
2795
3729
3994
4246
1280
4810
3754
2391
3893
4414
2868
3231
3643
3736
1033
2279
2728
2561
1988
2784
4222
2835
1849
3930
3433
2518
1252
3978
2810
1587
1589
5159
1270
5898
1236
3829
7264
4895
2337
3976
3803
2794
3559
3939
3802
4805
2580
3776
3637
3835
4776
3177
3143
3660
3908
962
3531
914
3088
4311
3562
3434
4270
4958
4645
3660
3299
4668
3702
3352
3866
2891
4361
2254
3694
3418
2733
3758
2877
1938
2867
3272
3280
3323
3300
2397
3324
4090
3218
4498
2368
1267
4492
5346
4037
2760
2952
4176
5436
3369
1238
3682
3225
3418
4491
2789
1374
5769
1116
2958
3584
2690
2141
2335
1410
3255
793
871
5929
3824
3020
5063
4715
3659
1499
974
2554
4220
3222
2926
2714
2449
3347
1740
3745
3090
4307
3643
3639
2315
2406
2318
3052
3716
4710
3087
3592
3086
1099
2067
3187
1820
2222
3261
3530
4780
2439
3720
4869
3372
4164
5439
4731
4670
1029
2806
2913
1405
2588
5088
3187
4281
2962
4560
3873
2958
5708
4657
2135
4245
3444
3280
1388
3227
2599
3132
803
2411
3676
3044
4024
2705
2048
2811
872
2713
2654
2601
1706
2322
2305
2354
606
3376
1367
1228
2991
1900
3956
2836
3589
1119
4848
3884
2216
2584
2351
2863
3465
3035
1702
2201
3311
2234
790
4720
1379
4817
3387
586
1018
641
4505
5210
3230
4243
4151
4059
2183
1325
1886
1826
1781
3036
2230
2310
4408
4750
4678
2684
2993
4163
686
3359
5398
3822
4490
3336
3438
1727
3500
3832
2277
747
3411
4686
3781
2285
4803
1378
4571
4314
2636
1632
4192
2130
3127
530
4277
6148
3935
2709
4676
2209
2660
2691
3791
2033
2291
2511
2191
4244
4307
4340
3700
4245
4069
3294
3381
3527
2467
3663
1704
3674
2577
4261
2109
2865
2663
3084
4672
2518
3889
2621
2089
2843
2009
1485
4668
3400
3577
4236
2785
4091
4598
6771
2530
2986
1801
2543
3035
4290
1647
2251
2144
3347
3456
4203
2205
4297
4076
4209
1277
2290
3375
3306
2540
3703
4625
3348
4456
881
4530
3123
4923
2181
2827
2176
2627
3299
3652
2309
5504
2402
1481
4120
2650
3145
2628
2756
3734
3254
4162
3795
3342
2301
3814
3305
2746
2171
1221
1525
3746
1543
2593
3404
2418
2971
889
3311
2340
1119
4153
1943
3962
1195
4220
2053
1715
1438
3815
3539
2631
2153
3901
4553
1090
1625
3367
2607
2619
3748
2660
3628
968
3801
3618
3144
1877
4426
1819
372
3384
2568
1734
3633
4365
2537
3086
3733
1808
1372
360
1291
2789
2799
2265
2335
3730
3003
2247
3175
2608
2659
1933
2228
3017
1303
2274
3000
4645
4340
3149
4618
2333
2014
1202
1730
3582
2896
2777
793
5543
4355
3411
4591
2749
2759
1378
2126
4118
1552
3160
2691
4358
3381
1432
2846
3098
1566
1258
2693
3300
4053
2142
2214
2937
1664
2574
3483
3606
2323
2620
1790
3831
3579
3690
633
922
3191
885
1571
2988
2620
724
2400
1886
1666
3657
2991
1055
1816
1431
5918
2704
1832
1356
3999
4418
4333
5935
3263
4013
4712
3298
2111
3413
2405
2199
3904
4705
4789
3653
2890
4050
3121
2033
2119
1513
3735
3972
1090
2981
3630
2698
4040
4263
2399
2707
1257
5722
1487
3846
3730
445
2287
2751
4677
661
3840
3613
3809
4368
4662
3773
2520
2439
3213
3817
1053
2171
1753
2863
1114
4174
1636
2579
1485
2467
711
3400
2047
2868
4104
3805
3221
1623
2477
1042
4015
4925
4893
659
5805
4129
5210
4744
3199
1426
4284
1720
3713
3141
3493
1062
4722
705
3392
885
4625
4591
4313
2844
1741
3274
2813
1389
2280
3519
613
3269
2764
4049
2188
2969
3183
3054
1498
3099
3237
3168
2613
4390
4376
3545
3499
2297
2024
3485
3260
3384
1331
1479
5073
3270
1761
1476
5016
3858
3747
1993
1566
2536
4821
3569
3219
3242
2020
3232
2944
3006
4148
2790
2955
1024
4445
3957
3704
2808
6100
4251
4141
4370
2834
3015
2410
1849
2174
2266
1982
2939
2585
3116
3232
2218
1229
1025
3819
3166
2367
2525
2935
3093
1470
3332
3187
3556
4020
5456
2853
2985
2602
2469
2477
3619
1123
636
3192
2076
3225
4036
3914
3815
3232
1378
2976
3661
2655
3715
1966
3389
4986
2087
2652
2625
1870
3223
3285
2060
1350
1370
3845
4366
1803
4372
896
3894
3870
5143
2975
3129
4198
4369
4391
2351
2394
4163
764
5371
4377
4038
1950
3027
1543
3072
4187
1520
3505
2818
4057
563
4046
266
4114
2957
3395
3419
4484
3830
2850
1704
2869
3686
1035
4225
3920
4653
3033
2923
1361
1962
3436
1137
3943
3682
2980
2161
2988
494
2503
3981
3411
1364
2586
1543
2192
1978
1923
2732
2844
3276
3506
4552
3032
1611
619
1163
3476
3492
1358
4426
2540
3338
942
3316
2139
4182
2105
2338
3489
2487
4040
3486
2274
4771
2766
3596
865
4246
4361
3782
2594
1957
1719
3296
2391
2305
3171
776
2774
2829
3102
2183
3702
2717
2408
2234
2826
3702
3668
4205
2306
4166
1825
2821
439
3364
4143
3225
2924
2776
3544
989
3514
3673
2073
3355
3168
4366
3595
3236
2116
7525
4192
4138
614
3380
4199
1411
4744
4175
2927
2995
4770
4955
3551
2476
3237
2087
2273
5743
2255
3660
1651
4366
3127
4714
3694
3431
4778
3561
4702
4107
1860
1844
3603
2560
2438
2489
2599
2678
3436
1965
2217
2447
1179
2881
4299
556
3173
1241
1593
3725
3401
1393
2999
4149
1382
4676
4002
2860
5840
552
3312
3953
2477
3603
3798
601
2700
890
3805
3220
4183
2814
549
4840
1860
2947
1482
3467
1147
2996
4143
977
3740
2364
796
4078
1146
3700
4156
3391
3845
924
4822
4271
2940
3196
2839
2047
3796
1857
4827
3398
1911
5924
5132
1694
4602
3899
4689
5549
1079
3514
1235
2999
4492
3634
2923
1933
3548
3575
4141
3236
3533
2773
2344
3463
4499
3283
3703
3175
3072
1011
2227
374
2502
502
3852
1217
2548
668
2167
2824
2470
3410
2301
2405
2958
3193
3781
4219
2835
2923
2636
2218
1516
1839
3227
2193
1459
3961
597
4850
1067
2050
3930
678
4905
2406
1264
4424
1220
3942
3761
2046
3245
3992
1798
3284
3741
4314
3146
4924
1238
4222
3757
4051
3032
3612
1601
4325
4105
5585
4181
4740
2422
2465
3664
2557
2318
3178
4266
1543
4535
2848
2812
1785
2720
3771
4056
2508
481
3725
2938
1953
3680
2199
3994
1020
1600
2193
995
4042
3366
2447
2731
1645
2490
3685
5099
1469
2240
892
5019
4201
3869
3782
4556
1155
1041
3665
3850
3566
4076
3717
3385
2958
1990
1633
2453
4136
1481
3701
4833
2452
3977
3276
2198
4364
1325
1137
3226
3647
3082
1636
1185
1110
3926
3734
2479
5229
3037
4189
3267
3650
3619
2626
2246
3020
3989
2579
2154
4239
3460
3935
4633
4235
4002
2193
3490
3713
1046
474
3285
4085
1028
2414
3800
4606
3447
4326
1462
2759
3587
3995
3705
2202
1566
5021
3166
4275
732
4065
2204
4848
4147
3271
2655
5050
3321
2804
2817
1882
3669
1039
1594
5485
2612
1788
2768
4315
4826
2036
3959
4215
5547
4424
4518
4044
3614
2523
570
3328
1648
3025
3853
3601
3449
4072
5371
2595
4239
1687
1601
3900
3936
4573
3986
2919
468
2758
4795
2102
3209
3199
2564
3606
2875
2482
3928
4130
3217
3790
335
3973
1388
4337
4663
3741
4057
4258
1947
6028
2589
3253
4458
4005
3206
672
4841
3438
5077
4128
4193
3134
3639
4608
2533
4126
3473
2043
3548
3104
3372
1737
3884
2631
2844
3466
4022
1991
2764
2525
2465
2165
2909
2536
2730
3000
2051
893
2264
3998
1461
3571
1425
4423
4345
4480
4335
3085
4896
1407
4734
3267
2716
1143
3927
2193
3427
3984
3686
3825
1077
1143
1796
3513
5730
1117
1822
5147
4582
6242
3180
4946
2670
1955
2314
4721
4211
1508
2108
2773
2957
3883
3671
1753
3812
4021
3633
3572
3022
1332
3152
2764
1704
3031
2169
6749
1466
4402
3891
2711
1909
3012
3435
3316
4173
593
1858
1975
4038
1613
592
2480
3266
2255
4739
4425
4110
3258
4350
2905
3498
3931
4230
2516
869
3685
2547
4932
1474
4684
848
3718
3727
5888
3600
2317
3667
1486
2834
4770
3713
2871
4333
1552
2797
1998
2409
2607
2473
4066
4102
3915
5123
3499
3814
2436
3583
1973
1084
2579
3070
5545
5094
3816
2197
3155
3590
573
2105
3764
3820
2725
1348
1181
3575
5225
3013
2836
1504
6060
4366
3119
2929
3760
3849
4495
3210
3793
2962
3117
3923
8040
4000
4841
3093
3457
3984
4964
2828
2716
3555
3331
2724
3546
716
4692
1212
3453
3210
1181
5146
2396
2882
2927
3629
2052
1026
2867
4344
3300
3054
2636
4004
2055
3026
2706
2399
1931
2792
1761
3809
3158
3127
4092
1780
3111
3164
3955
3588
2612
3066
3597
2881
1052
4367
3479
3685
3812
3263
3156
4954
989
3285
1341
2530
2995
1728
860
2739
2948
3492
3491
3425
3142
4090
4337
617
3666
2286
3708
2182
1726
3024
2318
3455
1604
2918
2872
2571
1917
3108
807
729
3957
3953
1505
2878
1337
3613
2598
3834
1698
5154
3573
3732
3074
4456
3307
3519
1576
5135
4976
1799
6173
4408
4672
2850
4714
3284
2867
3589
5665
848
1318
3519
2826
1867
4953
1950
3143
1639
5173
3175
3688
3224
5494
941
4469
1916
4069
3065
976
3651
3511
4656
5577
2116
2899
4433
4915
4353
2042
4782
2080
2998
3602
3028
1807
735
4488
4555
4803
5532
6668
4215
4237
5847
5630
4426
4033
3451
2597
2159
5353
5149
3804
1883
5236
7255
5222
4059
3886
3938
4447
2913
4772
1485
3444
3617
4086
2254
2263
4657
3724
2973
3368
3675
5806
3338
4121
2287
4011
3603
1557
2992
3788
4557
4463
2048
3991
4034
4965
3808
3553
3777
3339
4362
4328
3132
1180
3934
3474
4072
1515
4164
3569
5282
4407
6155
1815
2978
6638
5526
4616
4239
4178
3921
3083
3983
1344
4924
6399
1396
3786
4050
905
5788
2353
4922
2652
5547
4404
3180
1417
4895
2908
5295
1652
2452
2698
2330
3033
5702
1622
7478
4878
777
3006
4535
1556
4324
3682
3637
4562
1888
2803
4261
2102
4100
1743
622
3472
4077
903
3264
936
3696
4718
3996
1826
3397
3426
3726
3674
2386
1356
2838
986
3666
3613
3355
1879
3227
4076
3701
878
4066
1379
5314
2862
3773
2232
2980
3020
1692
2955
1776
4399
4191
4723
4911
2581
1038
1376
2462
3270
3438
2850
4923
2145
4880
1560
4554
3377
3161
3866
4008
5307
4009
3730
3999
2257
2966
3065
1468
4302
3961
3059
4514
2039
2939
1339
2343
2306
2917
609
1619
2312
1376
2754
2819
1925
1623
2851
1056
2393
2439
2936
1784
2013
4562
1106
4287
4634
3516
2275
3708
4303
4134
3444
2221
3333
3560
2695
2163
4656
4194
3399
2478
2034
4826
3433
4319
2821
4125
2320
4104
2221
1856
4050
3031
902
3654
5025
2019
4206
4141
3367
1808
1482
3851
2535
3717
2356
5964
2467
4270
2832
2448
2307
3190
2619
2672
2409
2326
3824
1366
3174
1932
1719
2814
1822
1534
2354
3597
2646
1406
3438
4076
624
4079
3361
3272
2778
1633
1057
3206
1217
2803
4212
1391
2082
1637
3599
1195
1990
2763
4073
2254
412
1129
4413
1684
4510
4015
3205
646
3261
4883
3167
3085
6685
3032
1005
4533
2162
3259
2758
4092
732
4550
3049
3322
4466
612
5915
4164
4189
4744
4181
2393
4743
3341
960
2923
3632
2290
2338
2631
3141
4856
3227
3694
3341
3832
5364
4274
3175
2584
4877
1832
4031
3827
2648
3998
3680
3750
998
3026
3170
3741
3184
3452
2963
1613
2316
3927
3593
2993
2518
2693
970
696
583
5319
4082
2681
4033
2712
3411
4384
3941
3783
4530
4645
4672
1345
2430
1180
3436
3368
3495
1325
3117
2673
2464
2396
2882
3767
2865
1065
1007
5274
1382
3056
3570
3753
3891
3032
3413
3125
1830
2731
3298
2978
1287
4638
4166
2923
3477
4926
2188
3625
1064
4121
548
4345
2504
4387
2919
3117
4363
1983
2835
3522
1897
4733
2781
1416
3878
1794
3604
1900
1796
4178
3097
1838
3988
3159
3677
2921
3720
3972
2271
3567
3090
3584
3060
2854
2038
5451
3710
2806
1911
3242
4590
4654
4387
3069
2563
4315
4928
3163
3388
3131
1994
4307
3876
3652
2222
3346
3374
1134
4304
3485
2022
3461
4432
3987
3922
2528
3110
667
3745
3195
3058
3615
3098
2147
1953
3294
3071
3324
1955
3813
3863
1753
2905
1104
941
1440
4568
4631
3396
3899
4806
3076
2242
2694
2700
2413
2738
2874
1369
5176
2912
2986
3563
2874
879
2158
2514
2635
4376
1124
2332
3766
3584
1556
4073
4537
3855
3653
2816
2326
2841
4621
3493
4108
2871
1893
1730
4619
4225
3566
4023
2898
3761
3526
1348
3062
1313
2997
3267
3463
3462
3964
4204
5256
2593
3985
5109
2594
1325
3387
2108
3267
794
3401
1358
5250
3144
1935
3597
2842
2224
4202
4214
884
3380
1304
7541
3486
3653
2674
3288
3386
5538
3094
3215
2367
3941
2467
4272
4591
5158
3211
5632
879
5601
4323
2595
1615
4276
4116
3053
3502
3803
2610
957
3583
4561
3414
1146
3940
4404
2161
2619
4527
4392
1881
4575
2821
3080
2016
3694
4106
5240
2547
1986
4109
1724
3305
5627
5380
5250
5145
3498
3659
1652
3454
3846
1967
4999
3128
3229
3209
4604
2240
6141
3179
1223
3378
2129
3263
4817
3186
3471
3585
5238
3984
4205
3971
3967
5084
3350
3967
2458
936
3660
1260
4021
4135
4101
3376
5154
3889
4111
1321
5292
2804
5321
5404
3277
4057
4718
3646
3519
2498
1984
3880
563
2869
1259
4324
1202
1123
3832
4381
3609
4442
2968
1570
2705
1677
2642
3157
3914
2687
3481
4147
4447
4307
4436
3529
4213
4228
3263
1903
3660
2938
2832
3853
3900
3613
2091
976
2758
4654
4085
1902
1817
4895
5112
3025
3922
3442
2526
3264
2612
1277
1795
2899
948
2386
3974
3777
3301
1304
2267
4655
1165
3788
2628
1259
2998
2720
2193
2993
3682
5518
5591
4727
3563
4425
3609
2802
2634
2986
1669
430
3256
3745
3863
1602
3596
4084
2933
2726
1879
2036
2958
3278
1182
4529
4079
3856
3109
3925
3921
4166
786
4502
4202
2255
3002
4275
4679
2747
5225
1188
3913
4823
3619
2492
3369
4451
3126
3304
3616
2842
3379
1036
3304
828
4059
3348
6371
4058
2061
3869
2820
3268
2095
1977
4407
3491
4085
2534
5372
1720
2449
531
2215
480
3292
2631
3460
721
3330
3530
2940
2787
3530
1079
2357
2918
4713
5568
1897
1762
2135
2071
1251
2214
2673
2174
1881
1375
2813
2393
2035
1045
1874
864
1946
1009
1144
2452
982
1540
1479
2388
2898
1463
2434
3208
1304
2977
3047
1653
2045
1871
2911
2359
2526
993
3375
3171
3044
3273
1264
3360
1249
2965
4178
2761
1427
3211
1261
1361
3881
3161
2543
4031
3320
4762
1131
4681
2964
2432
3122
3088
1575
4562
1696
2235
5178
1191
2089
3713
4783
2509
4151
1149
2975
2412
1842
1813
2873
2129
4399
3637
2411
3678
3865
1685
4609
979
3842
3180
3750
3226
1852
3848
4075
3418
2708
4165
4150
1840
1311
3941
4435
4451
855
3348
3153
3226
4694
3530
3611
2066
3644
3992
4232
1707
2851
3182
2713
3608
3238
3678
2992
2686
3037
4002
4530
4745
3470
2613
1381
3901
1708
2159
4197
1270
3172
1935
4449
2395
2522
3513
2499
1007
2982
2929
4008
3972
2729
5914
2435
3906
1914
4967
3736
3049
3259
3147
2318
3519
2443
2857
2238
2906
4321
3436
2609
2761
1636
4145
2130
741
4292
2459
967
3500
2514
743
2787
1618
2713
3045
1305
2013
2673
5185
1148
2079
2544
2251
1942
4213
2064
3378
4362
3237
2912
1595
3558
1382
2704
721
1969
3933
3629
4323
2810
2210
4045
4779
2832
3908
4441
1333
1813
3368
3308
3833
1271
3017
2822
3017
1424
3558
3759
1611
1908
1579
4407
4011
4851
3287
2840
3558
4673
5075
4510
4265
3501
711
4923
4529
3913
4536
4029
3998
4444
4804
1334
4442
4171
2385
1446
4543
3501
2950
3814
2437
1689
1538
1896
3532
1848
2852
5071
3169
1030
1777
2081
3000
3427
4154
2876
3805
3101
2166
3902
3660
4210
1124
3450
1037
1905
3625
1843
2461
3642
1809
3270
2060
2809
3976
2005
3434
2529
3363
3867
1834
3432
4556
1308
3357
4387
2489
2461
3863
3438
2253
4290
2663
3343
3273
951
3462
1081
4674
2921
3588
2419
2293
4604
1916
1252
4691
4339
2733
1961
4426
4372
4570
3868
5514
4528
3813
3885
3634
1977
3785
4850
3761
3169
2730
3916
3867
3229
4172
2516
3900
3123
3557
2729
5195
3279
3661
2517
1483
1463
2907
2863
1714
1784
3706
4606
3123
645
3992
2100
4603
843
4310
2624
2393
2086
2940
4938
2937
2738
3191
3189
3722
4139
7258
3195
2939
2512
3925
3374
3436
2512
3657
1881
2158
2322
4099
2737
1047
3810
4168
748
1898
658
3791
5143
4292
4097
2959
2477
1479
1418
3742
4420
4436
2790
3550
1230
4181
3828
2612
3880
3467
557
4245
3902
3991
1781
1841
1726
3229
1921
3166
4345
1926
3865
1863
4300
3402
980
3362
698
4013
3624
1843
921
999
5488
1766
4632
2702
3267
2921
3066
4241
2384
2902
1324
3122
3132
1984
3233
1393
593
2161
3905
1934
3957
1544
2330
3696
1021
3810
805
4068
3551
2994
4575
2493
3330
2526
4529
3726
3429
2983
4015
1552
4290
2054
1885
3121
1633
1435
1696
707
4613
4000
3133
4612
4351
4043
3482
4038
3599
1185
2874
1173
2387
1270
4527
3266
2342
4804
2248
4372
2093
1136
1709
3572
4357
2337
3765
3205
2314
2783
4297
4337
4171
4443
3981
4293
2164
2912
961
3840
4746
2811
1803
2957
2870
940
2270
4371
2631
1961
1464
3579
3815
4629
2976
3986
2186
1742
1918
1683
1137
4463
3854
613
2438
1090
3272
5906
1025
4363
2927
1940
2136
3781
1798
4107
4076
3782
1437
3332
4446
1256
3814
4103
4405
3272
1224
2382
3376
2986
4187
1359
4241
2968
2896
2804
1198
1908
4248
1806
4879
645
6115
4428
1380
4329
1704
4139
3729
1546
2637
4011
5007
3691
3327
2049
6410
3643
4749
1795
3865
3332
3044
5868
2811
4288
3790
3856
1859
3203
1180
3014
4719
2427
3267
2240
4115
2819
2969
3648
4072
3790
3813
2306
3878
4502
2676
1761
4979
2230
4208
1291
3350
836
3072
3437
2391
3453
2901
4013
1671
1476
2006
4163
3359
3431
4055
1029
3223
3316
6077
5642
4474
2881
3075
3650
4015
2615
5249
3648
3051
3678
3094
1875
1914
1419
5703
3241
1273
2622
2685
2404
3844
3496
2591
2481
4436
3882
3278
4365
5115
3698
4743
1823
4440
4083
2350
5870
2884
2096
4083
2689
2026
4299
783
4574
848
588
2889
2116
5102
2364
2299
3753
2557
4098
4442
3439
4319
5319
4070
2197
1804
4281
1833
4002
1241
1316
2100
3959
3107
2880
2090
2773
1249
2876
3020
3775
862
1294
1738
3623
1953
1208
4670
3105
1496
3430
2740
4237
2050
1941
1987
2392
2521
1581
3275
4429
3568
4573
4196
4443
5050
2420
2289
3340
2915
243
3090
815
1146
4184
3525
3042
3494
2040
3620
3426
3951
3457
4413
2709
1853
3809
1474
2207
1839
4158
3532
3870
3071
2394
1554
1959
1232
1244
2244
2646
5722
4385
2941
3626
2605
4282
2567
3834
2533
1367
1071
5446
3217
1120
3159
2697
3729
3760
976
818
844
3270
1614
3634
4460
4160
843
4868
3324
3348
3333
3183
2308
3616
4685
448
3259
917
3592
3805
2726
1340
5374
2206
4572
2414
611
3110
2970
3351
4902
2860
1392
4928
6107
4223
4263
3704
3682
1796
4141
3342
4436
2838
1283
5020
3265
2978
4172
3717
5171
2658
3049
3984
3185
2534
2914
1972
2066
2896
4435
3604
3104
3944
3620
5531
3613
3403
3257
4650
3087
4641
2215
4780
4465
3247
3650
4990
3179
2973
2422
3260
4412
3057
3966
3884
900
4675
1344
3625
3577
3637
1293
1012
3892
2419
935
4069
3325
4356
3851
2540
2151
3080
2948
3281
2602
4445
3240
3747
4563
3873
3472
4204
3152
2758
2478
3950
3508
3649
4298
3854
3123
2413
2698
1875
3059
1398
3727
1346
3256
4197
4097
5948
3976
2021
1652
4677
4542
2300
3325
3852
1838
2909
2965
4422
3572
3308
3530
2126
3981
4064
1305
2409
1259
2729
2755
4569
5172
3787
3799
4667
4611
2425
3456
2767
465
3062
1917
3463
4273
693
1816
3445
3945
1919
3599
4747
3957
5384
4277
2356
2583
4113
3570
1659
3025
4626
4917
4564
3778
2757
2545
5833
2995
573
2360
1866
4899
1117
5550
2318
4017
792
3420
2016
4533
1406
4261
3075
3522
3104
1933
3903
3766
1629
3588
1702
3565
1616
3676
3895
2332
2492
3117
1269
1468
2765
2298
1572
2297
1932
3970
600
1215
790
4147
2384
1829
3198
3173
1765
4551
1329
3158
1762
1481
1397
3868
592
3711
3445
1712
3736
3230
5047
3085
2245
4209
3245
1828
1446
3606
3065
2560
1308
4504
2401
2315
909
4120
4236
3172
932
3607
1145
3606
3815
2492
2585
4066
2275
3044
2289
5507
3938
3251
3720
1439
3842
1124
2020
3496
2847
4767
1407
4333
4635
5713
3834
1805
540
3692
4364
2627
4250
3772
3138
3249
2862
3168
2823
5144
2560
4948
2397
3062
2194
4003
2896
2313
1891
2104
1490
5269
911
3621
1621
3554
1373
3712
1789
2545
4908
3551
2262
2065
3323
3318
2337
3528
2718
2749
1013
2541
1963
2209
3930
2396
672
1554
5133
3492
3613
4087
4432
867
3697
1135
2865
3831
3068
4634
3794
4526
1865
510
4606
2041
3656
4602
3212
3020
3725
2675
4389
3094
1940
4065
4305
4233
1921
3838
4081
3609
4320
4383
2213
3091
1707
3289
3257
1248
1241
453
3984
925
2279
963
3735
4189
4738
954
3341
2607
1548
2162
4316
3888
2098
3074
2580
3590
4586
1461
3779
1023
3672
2988
1453
3482
3589
3943
3730
3068
2701
3075
663
3795
3407
3409
656
2488
2968
1214
4023
2829
1065
3996
1584
3055
651
693
2247
2282
2871
2395
3629
3056
3745
2874
2165
3440
4657
2716
1379
3260
2840
2431
3174
837
1350
2551
3165
2282
2753
2613
3658
2385
2865
2234
1129
3416
3115
4654
3453
1546
4115
4021
1743
1296
3394
3024
5077
6467
3490
2059
1290
2351
3857
4756
4094
2850
2162
3960
4755
3503
3693
3665
4715
1181
3748
1928
2026
4291
807
1804
1734
2973
2965
3283
3085
2741
1558
3670
4130
2327
3446
2473
2733
1114
755
2900
1217
3174
1727
3881
1903
4313
4026
3631
1206
3308
3741
2691
2368
5331
3415
3710
2284
2862
2804
2755
2354
1562
431
1167
3758
3549
3977
3918
4204
3328
2871
1086
3720
1791
2056
1672
3950
2116
3316
1642
1529
1943
3997
3378
2798
4904
1178
2677
3553
2603
3626
3927
456
674
2592
5687
4875
4695
4262
2960
3406
3441
3499
1196
3418
2413
4120
3087
3443
2824
4621
3413
4239
3822
4173
3676
3540
2736
968
1931
3727
4248
2741
3522
5180
3168
2021
3392
1517
2007
3806
2700
2875
2128
2465
1672
2373
1214
2786
3263
3315
2605
2844
3197
1241
2270
3518
5323
3848
1631
5328
3677
1593
3353
1095
4887
547
2174
4223
3512
3857
4497
3558
2397
4208
3791
4442
3478
3931
3110
2793
4406
3726
3278
2572
1833
2711
2718
4394
9751
2674
3440
3663
2449
3586
3221
2420
2204
1412
3772
2192
512
1023
4464
5019
4730
5151
4066
2439
2441
4723
3685
1418
898
3368
1931
2338
3902
3261
3507
2580
2086
5423
3922
690
3814
3555
5511
6062
4081
2761
2946
2618
4913
4112
2498
3251
3260
2988
4138
3643
4805
992
4492
3430
4570
3773
4590
4122
3969
1858
3978
4943
1382
3530
3090
2947
3669
2434
1129
4018
3611
1238
2643
3220
2363
3871
3808
1900
5505
4195
743
5057
4367
5638
3436
676
1308
4311
4185
1696
4051
4766
4059
2459
6441
3166
3423
3489
2077
2024
1575
997
4904
3725
4811
3070
2051
3339
4058
3592
1292
3886
3916
3546
3424
1550
2450
2739
2083
3766
3130
2339
872
3740
2215
1377
1506
2323
3069
3419
3996
2297
4212
5392
4084
3202
4118
2739
4076
3931
1414
2418
4943
4230
2367
3748
1021
4397
2936
2535
4797
2759
946
1498
1126
3629
3267
3609
2310
4346
3766
4532
3422
2328
925
4857
2398
3555
3536
3596
4128
3877
2961
1481
4263
3986
2087
4000
3151
1500
4346
4289
5072
2924
1962
3679
2389
2914
4586
1830
1552
2237
4036
3680
4597
4104
2676
3696
2808
4178
3186
2744
4120
3975
545
4321
1433
4044
4622
3713
2336
3263
3310
2890
2417
1120
4026
476
5033
4172
1278
2839
2223
3363
3871
2519
4209
2168
457
3547
5344
3035
3222
3078
4676
1595
4401
2886
2346
2048
1384
1515
4460
3572
3387
4016
1462
2710
4139
3334
3069
1913
5219
1550
1006
2640
2319
2991
2518
3784
2865
1860
2763
2611
1675
1768
3139
1495
3677
3749
1749
3054
3192
3845
3183
4970
4457
3729
3932
1401
3827
2594
3080
4536
3249
2507
3709
2524
3110
3770
2047
3284
3062
916
3243
3883
2298
3665
5217
1032
713
3878
3178
3397
5177
3382
4219
2181
2531
3894
5082
1502
3857
1150
2437
4097
4052
3660
3473
4268
3634
1385
4529
2546
1409
691
3870
3117
3359
2472
2888
1189
3065
3946
2964
1354
1360
2258
2561
2315
7049
1833
2699
4120
3668
3218
2353
4135
674
4561
5789
3125
3652
4442
2451
3453
1171
3414
910
3013
614
2949
2081
3761
4073
3640
3837
4580
4300
3523
1780
3310
2708
2682
2828
1897
3281
1879
1733
1750
1489
3899
3739
5387
4533
3705
4836
3784
2073
4988
4242
3038
3424
4288
2544
4718
2575
3062
3954
2841
2174
3264
1764
3649
4453
2979
5153
3071
3769
4177
1418
2511
3540
2344
3211
3202
3226
2019
2418
3589
1907
1875
5498
2013
1702
4059
2499
3611
1284
1455
1989
1836
3750
1691
1837
4732
1084
907
3504
5645
4262
3414
3209
3324
2835
3018
5377
3817
3123
2078
2169
3656
2575
1328
4818
1381
3469
3683
2955
3733
3138
3812
616
4251
4013
5371
3164
4843
4372
3518
4185
3532
4637
3513
4217
737
4917
2083
4404
3580
2217
1434
4919
3446
2214
3291
3938
3082
4112
3507
2872
3526
2968
5630
1216
3169
1609
3338
553
2466
2624
1131
3066
4431
1590
2801
3877
2832
2208
4268
1787
3845
4014
1913
2800
3803
4706
1692
3442
4917
2425
1752
2595
1342
2727
3288
1979
3977
5590
3328
2335
4747
3405
2714
4646
4222
3436
4529
723
3311
1204
4761
3696
1913
796
3325
1195
5248
1893
5670
3030
4078
3683
4372
1378
4440
3437
5125
1145
6347
1305
3719
1371
5040
5223
5181
4818
2548
3722
2549
3951
2221
2282
3020
4237
5996
4802
929
1587
1329
4298
4609
5801
5085
3847
2454
2490
2080
517
3233
4136
4365
4615
3889
4209
3085
2159
3545
2172
3936
3255
4714
3757
4689
3957
3426
2981
3741
2965
3999
1815
2731
3056
3794
1869
1362
4207
1379
3594
3004
4479
1921
4269
2400
786
5254
3552
4093
3747
4476
5099
2992
2308
1354
1398
3215
3890
3568
4723
2839
4381
2808
836
3228
3325
3900
979
4123
4717
2866
1756
4127
3016
2267
1494
2874
4357
1978
3330
2213
2705
4420
3289
2960
4053
2578
4830
3892
3712
3596
496
4625
5266
2159
4234
3533
2843
1799
1615
4257
1361
1236
4006
3911
4126
4562
2251
2814
4263
3426
4664
3873
4729
2945
620
1516
3775
1165
1782
2611
579
3760
2558
986
5095
3146
2423
3625
5041
4295
4214
2487
5408
3123
4049
2647
2325
2701
2880
1003
3046
2829
1264
2154
1295
4101
4585
2857
2789
4756
3823
3926
3375
3272
3655
2162
5652
3168
3088
2658
3705
5266
3673
3795
4360
1261
2513
1612
3137
4951
3025
3921
2803
1869
3372
2890
2241
5602
4264
3249
1075
4035
2914
2756
2359
3284
1165
2917
3651
4813
2033
1981
2722
4968
6934
5584
652
4630
5256
4087
2701
1138
708
803
3975
3429
4134
4125
1975
1273
4269
6128
2267
2189
3379
3103
1979
1052
3028
1961
3654
3864
3836
1316
3735
1625
4043
4041
1507
4381
3662
3053
4854
959
4666
3613
3637
3258
2451
4180
1987
3916
992
2532
3781
3452
2890
4178
3775
831
3315
691
1466
1940
4091
3163
2206
3709
3528
4946
313
5296
2682
1214
6881
5312
4447
5186
4324
4528
4948
2830
3447
755
3825
3520
3299
1989
3877
2645
3701
2890
1228
3803
3427
3530
4621
4259
4242
3988
2745
2182
475
1634
4650
5774
2894
4594
1919
5312
4791
2269
4770
5158
5707
4235
3105
4861
4308
3401
3398
3959
2956
2749
2795
2182
2341
2874
4363
4072
2010
3006
2664
1507
621
4233
2293
4540
2565
3944
3216
3739
3922
4418
3987
3044
3531
4188
2430
1580
3639
1659
2045
4181
1057
3649
3884
631
1277
4083
2890
3693
2246
3273
3568
2417
1165
2740
3763
2516
1015
3174
6037
4018
3867
1022
4218
2759
1447
567
3613
3349
4441
1831
3639
2702
3640
3583
5213
1615
3085
1073
2779
3093
1527
2751
3446
5099
1034
4574
2491
4930
2895
3714
2393
2756
3257
1621
4293
3701
2425
2046
3399
4120
3551
2626
4305
4792
2077
4500
2276
4710
3260
910
1068
4006
4097
3653
5077
3763
3086
3794
3787
3374
1345
3806
3981
1294
6986
5397
4276
3638
4447
3397
1989
3185
3529
313
2872
3706
4020
3363
3014
1926
2904
2052
3353
3597
4169
2410
2738
3525
1412
2804
4806
2266
4121
4569
2200
3232
4680
3929
3684
3832
3348
3901
2425
3017
2703
3865
2479
3138
3014
4881
1530
3703
4152
3180
5397
1603
2264
1639
3077
4296
3938
2395
1112
3875
3477
3528
4147
3246
3387
1224
5464
463
1781
2816
5183
3437
4382
3508
1805
4021
2241
2890
3733
3772
840
3066
447
4392
4487
3079
1483
4311
3853
3898
2177
2869
3370
3404
1337
4853
2654
3718
709
1360
4709
4835
1930
3397
3109
5139
1988
4172
307
2048
3402
4143
1507
3970
3887
5480
3660
2654
1216
4772
3584
1252
3788
3927
4452
5263
4721
3226
3668
5212
2774
1845
1170
1821
3960
4011
1596
5371
1751
4585
2942
1830
5052
3960
2978
3276
4113
3146
2913
1303
3120
3882
1538
1466
4041
4384
1999
2941
511
4182
3788
5700
1791
3719
1949
4694
4830
2900
1880
5006
3992
3746
4156
1408
1199
1079
3670
2164
3493
2549
4217
3107
2930
1634
4703
3837
2038
3151
1812
3447
1559
2991
4553
4921
3224
2347
2736
915
4935
3695
1232
1176
2929
3718
3870
3673
3939
1154
2132
3535
2415
2903
3875
3073
2641
4423
2026
5122
4041
3612
3461
2541
3072
3069
3663
3500
2900
3698
2265
5420
3907
3871
4455
4025
2529
2835
3428
4224
2727
3598
1731
3128
1307
2045
2493
3381
2282
4279
3635
5308
4029
2730
3322
967
2473
4895
5372
1615
3975
3945
4867
2392
4136
3316
4427
4345
2804
1263
3112
1622
5541
3280
2610
4740
3656
1151
686
4060
1401
3879
1901
5088
3937
2564
1360
1954
4246
3616
4226
3422
3515
2955
1867
1798
3368
2176
3468
3168
1496
1550
1202
2888
3111
3912
1761
477
1283
2720
2254
1419
4060
6563
4584
3360
3435
2095
3616
1649
4674
2670
3535
3690
2188
3010
3850
4516
5229
3810
1917
2861
2646
1977
4521
1800
5280
3503
3418
1618
3717
3991
658
1618
2755
3727
2527
1387
597
5027
534
2879
3047
4534
2632
3543
554
4887
3470
3128
1055
3006
2812
4306
1129
2588
3866
2778
2627
3520
3668
3114
1982
1599
1013
2764
5163
5008
3624
1611
2354
3732
4173
4255
4228
3537
3370
3447
2741
3710
1367
481
2464
3796
4510
3236
3924
2812
4028
4978
4541
1315
3628
4673
2702
4283
1491
4008
2940
4660
1965
2838
3668
3215
4983
2972
5323
2747
4396
4886
2813
4008
2352
3169
2481
2208
4036
3127
1183
3932
2258
5140
1792
600
2653
514
5263
3847
924
2753
2658
3834
2551
4129
3189
5849
3963
1386
1212
906
5418
5415
4013
3327
3522
2909
3110
4253
1506
3935
2333
3116
1130
2987
4666
3340
3754
2462
2943
3252
3344
3026
4222
2390
1573
2042
2139
2940
2520
2982
2119
4085
3160
4254
2049
3344
2030
1730
2789
4737
2183
1788
2631
4439
673
4344
3147
2534
4289
3922
5123
1593
2523
3590
3291
4609
1388
4561
4521
616
3631
5113
2240
1551
995
1275
1795
4125
3033
3111
2390
1451
3089
4717
3280
3900
3823
3313
4514
3781
2893
3809
3457
4094
5394
3372
2276
1703
2177
2031
2652
3647
1524
4583
2060
4367
4672
4255
3898
5136
3020
2546
3891
2226
3592
4099
2100
3671
3743
3018
1935
3614
817
3045
3455
1956
2614
3391
6274
4793
1606
4646
1072
4162
2302
3762
3919
3145
3745
4821
4289
2079
2806
2023
1976
4321
3314
4016
3459
1360
1173
3723
1885
4149
3738
3938
4405
1160
4283
3496
3333
4044
4457
3972
1342
2245
2397
4789
851
4392
3626
4772
2989
3224
5466
1776
1827
4294
2985
4594
3749
1606
3428
4002
1724
3257
2022
2989
2714
1880
3433
3223
2425
3469
1749
3918
2343
3833
3627
1725
2327
3120
3332
2109
2583
2512
2343
2309
2960
1173
3069
1044
2226
4510
1255
3576
3329
965
4846
4738
2497
3641
4928
3320
4876
2508
4332
4062
3037
2670
5102
1773
2306
4084
3150
5678
1143
3444
4150
2957
503
3630
3271
4050
3064
5365
3337
3529
3555
2374
2532
3731
3690
3194
2238
2671
1359
1662
2747
3665
3137
4112
3170
1784
5854
3746
3394
4724
3847
815
3968
2938
2823
1128
4234
3351
3893
3589
4559
2591
2435
4812
3480
2173
2971
4434
1428
2370
2345
4205
915
4150
3387
4340
4109
2405
2861
3947
3442
3711
4707
3766
4089
4079
4391
4401
3924
3230
2421
5299
3590
3978
4756
4557
2684
4809
997
5285
3597
3501
4139
4404
3351
4179
3141
1895
3425
2430
2203
3247
2889
3412
2716
2697
1913
4298
2794
4634
3594
4641
2820
2333
4966
3762
3910
2686
3642
4151
3941
5075
5465
3559
5059
4213
1811
2272
5865
1467
3097
2018
4896
5099
2038
4310
3916
3753
3853
5523
2902
3268
4575
1382
2686
2323
3868
2577
3636
2481
3400
1728
3563
1390
2210
822
4600
3160
917
3606
2777
1313
4116
3113
2303
5346
2748
3341
799
2233
2388
5293
3335
3903
6326
1675
2679
4475
1784
3542
4222
3883
3807
3174
4308
1847
3567
3951
794
1918
3761
3345
2487
3470
1991
2887
4222
3165
3180
4224
2616
4147
2320
4181
3434
5556
3460
2384
569
1208
5828
4015
4817
2775
5180
3521
1938
2800
4159
4260
815
8411
1140
4792
2906
1688
4212
2741
861
813
4522
4597
2325
1560
3787
4686
4356
3448
4614
2890
4245
2308
3477
2391
2673
582
6184
4529
4438
2575
3017
3361
3518
3678
3685
2713
3600
1265
4938
3714
3824
2622
3224
2887
1336
3383
4670
3638
3290
1705
4135
3452
844
2883
2199
6103
3095
2807
4310
1870
4654
992
3240
2852
4571
2782
3205
2979
2897
4548
1885
2598
4577
4355
5145
1641
5776
5281
1686
4900
6134
1608
2358
1736
4471
3969
3066
4216
2024
3749
4063
3952
3991
2912
4155
1985
2376
4171
3151
3923
4460
3312
3435
4437
1566
4990
2717
1609
4901
3187
3187
4775
3452
2936
4524
3174
3686
4143
4516
5330
4474
3835
4076
4566
3968
4301
3335
1490
4016
4302
3298
3242
4707
4548
3484
3045
2769
4535
3087
4998
3765
3662
1092
4138
3410
4632
3017
3936
5887
3894
5611
4049
1053
6120
559
4077
2568
4095
4171
3653
3944
3402
1627
941
2638
3821
6236
4030
3202
3943
3543
2834
3374
628
1008
2066
3195
3662
1503
4321
2964
4025
2850
3732
2556
6070
4570
4739
5151
3812
3082
3436
1679
3184
3286
1663
2736
3214
3453
2590
2650
1477
2496
3860
1233
783
4228
947
3812
903
2336
1511
3968
3220
4274
1143
3530
698
5025
2884
4026
4084
1445
4166
2058
4095
3909
812
2625
3920
4507
2877
4284
3498
858
1125
1143
1488
3856
2965
1584
3811
1714
4329
1102
1219
938
4065
2783
954
2347
869
1905
2903
4239
2182
1619
2434
3536
2184
2819
1254
4364
3659
1088
3746
1096
2725
1697
1798
5913
2503
5714
4687
1932
5600
3713
750
448
4138
3385
3975
3309
4488
912
2589
4419
3653
1656
5391
2644
1692
2188
3753
2168
2214
2322
2376
2566
1790
3122
2388
3754
4783
2506
1238
1582
2983
3427
3159
4241
4326
3721
4301
4311
2972
1165
4862
2140
1405
1921
1592
2047
1203
2229
1161
1965
3180
2573
451
2869
951
604
3541
2260
3227
3969
3826
3003
3694
4669
4664
2648
4200
3994
3705
1885
2228
3141
2226
3866
1108
1996
1871
3254
3849
900
944
682
2697
4487
3528
2839
3518
4222
3524
3546
3302
4209
2150
2428
3552
2518
3525
4156
1868
5042
2340
1553
2808
4198
2474
2124
2576
3344
3161
4903
4112
3355
3175
3844
4147
3818
792
1683
944
898
2082
3614
2390
1768
2614
5151
2610
4030
1170
4159
3661
4052
2996
4391
4161
2563
4358
4087
4440
1402
4282
2249
2236
2583
4099
4491
6122
2085
3866
1217
4870
2051
1160
2493
5575
3618
4219
2483
3633
4890
3264
1469
1077
4606
1967
767
697
1764
2625
1833
1817
2540
1385
1348
1358
1147
4575
3346
2407
1743
1615
2453
935
2173
3880
2847
1684
1726
2512
1956
4193
2880
3640
3150
1709
1643
2987
2719
702
2208
1786
2067
2779
3906
548
1746
2815
2539
6131
2009
1551
3940
1687
968
3277
2019
4361
1327
1580
2925
2795
1031
3146
4509
2617
2608
3968
3884
1497
5316
3946
5402
2798
3017
3598
2534
788
3173
3166
2746
2786
4059
4705
4239
4897
2908
1392
1371
2202
4428
2908
1483
1461
4164
3395
615
1435
621
5559
4140
6908
2996
1718
2330
3966
1633
1826
3026
3232
2411
1189
3639
1664
2516
2381
4066
4012
1387
4793
2174
3684
4609
6218
5619
1058
4546
3518
5232
2356
3810
4226
1094
4269
2759
2843
2991
6769
3024
4659
1685
2349
2023
4286
3289
1816
4367
3165
5132
5024
2233
2314
2694
3627
3649
2639
1904
3741
1254
3523
4680
3385
3513
1902
2527
2357
3166
2518
3565
6714
1224
3237
3611
4235
2757
5361
1716
3447
4975
3354
2098
3309
3735
1409
3522
2433
2366
1280
2198
2393
5324
3874
289
1964
2847
1379
4737
4124
2325
2941
1323
4387
2416
2752
1318
3452
981
1496
1966
4716
1302
3150
2679
2235
4804
2760
3467
3761
3408
2920
4291
5078
3696
1841
3245
3205
1646
5571
2712
4810
2710
3474
4084
3103
3822
5191
3300
4172
3305
3638
3395
4286
4617
2155
1719
1941
3238
1058
2365
2982
2600
1607
6015
792
3624
5628
1070
3410
1773
4824
3559
4177
3394
5637
3647
3656
3901
4239
5264
5035
2772
4065
4479
2825
1371
1158
2426
4100
2693
5077
2471
3246
3694
3540
3367
3730
3431
3532
4908
3082
2782
4909
4351
3901
2586
3005
5265
2799
2497
3378
4269
2953
3913
1374
1865
3699
3359
2314
1225
732
3747
1999
5598
3640
3765
4829
3515
3792
3123
3569
2397
3305
1190
3372
3784
2015
3022
3282
2561
3586
3779
1498
3639
3761
4258
2955
665
4235
6290
4263
3690
5065
2980
2961
4144
3973
4856
3422
2101
2239
3710
3225
2587
1781
1454
4452
1160
5239
3184
5429
2341
4055
3372
2751
3692
1202
4098
1282
3014
2966
4600
2711
3220
4643
2748
1585
808
4546
1933
4304
3575
3240
5176
7396
2595
1447
3397
1872
1760
1017
686
2512
776
1921
2136
2657
2402
711
1685
3424
3555
3591
1969
2572
2087
2263
2003
1520
3081
1750
2333
2937
3412
1184
2225
2946
1694
1026
1006
3318
2968
3853
4119
842
2526
399
1000
3222
4285
1588
2114
689
776
1301
2574
3177
2092
1760
3969
2128
3783
1436
1793
3129
1949
1768
2899
2255
1383
2054
665
4164
981
3553
4737
2947
1825
1190
2271
3011
1942
4972
4853
2481
6481
3567
2042
4829
4331
3270
1356
1968
1925
5715
3479
3446
4631
4837
4091
2035
2019
2790
5612
2660
1885
4077
3958
3479
2153
3576
2459
3502
1423
3382
2972
3004
2620
4294
2796
2301
3249
3778
2869
2556
2106
2541
2476
4816
2214
3326
1105
2466
3411
3174
3123
3948
1307
3655
1169
864
2449
3500
4198
2918
5206
4287
3944
4593
257
3089
2667
2726
2171
1864
1939
2634
1890
1390
5728
3927
1232
1373
3687
1332
4547
1058
3626
2103
1821
1933
2396
3399
1782
3451
3623
3195
1526
3255
1396
1810
3415
3727
3712
4200
4192
3816
3996
2746
4599
4925
1630
2419
2807
3295
1332
2386
682
1891
1025
4330
1715
3403
2008
3027
2006
3513
1604
2223
3158
1612
3546
2269
3611
4209
2354
3166
1541
3001
3196
1541
2834
3215
3185
3523
2318
4035
2000
2696
2637
2478
2386
1393
2270
3029
2544
3597
483
3329
2090
2207
941
3795
3003
1169
2614
3075
1706
2604
2130
4137
3688
1551
4622
2897
3101
4084
2901
2151
2364
2248
2634
2994
4084
2907
1304
1425
3534
4064
3795
1187
4406
3718
4455
2500
5749
1070
2328
4419
3931
4018
4613
2787
3208
3833
1608
5516
3349
4981
4098
946
1588
3534
3878
492
3052
6401
2493
3295
971
3086
1878
686
4988
3497
2043
1326
3749
1111
2834
1803
3339
3677
3515
1757
2266
1243
3327
2595
2881
1921
3107
1432
1181
2187
3171
3884
2294
2136
2501
2967
3179
683
1482
688
1679
1689
903
2404
1637
2431
1168
2048
4064
1364
1053
1141
2732
1500
2886
3075
1377
3672
2308
736
4544
1366
3145
1274
3351
1339
846
1666
688
2232
1339
2663
1356
2237
2063
2954
1570
2781
3336
4361
2481
2038
1688
2254
2913
673
3070
2957
1752
2846
3389
2505
834
1123
2350
1911
3111
1846
1107
2331
3274
2752
1686
2657
2781
2360
1418
2515
1399
2834
2242
1543
3040
832
2191
2068
3208
3362
3750
1279
1152
3374
4966
3544
3359
3922
3084
3534
2059
2608
2235
4062
3203
1405
3572
3437
448
1660
5328
2249
2355
2037
2333
3774
2030
2705
1724
3067
2257
3142
2086
3547
1164
1645
2586
2247
687
1603
1477
1211
2975
2703
4108
2175
2725
4981
1234
2697
2301
2016
653
3607
981
1663
1663
3830
5166
4489
1161
3375
4741
3183
3968
1974
2515
3388
3027
5234
1403
3472
3102
3496
1424
2383
1747
1905
589
3233
1712
4002
3366
2561
4577
3121
1344
1561
1668
2092
1889
2187
3613
5112
3634
3729
2480
1627
3286
2316
2554
4425
2915
1740
1043
2758
5553
1649
2590
3197
1594
4172
1485
3030
3650
2708
3150
2483
3873
4876
911
3694
1167
3166
4041
3017
4062
3454
2126
2425
4515
1497
3905
2864
2427
3982
2463
1483
1307
3311
4203
2073
2037
1739
4366
3702
4822
994
4171
3715
2527
2715
1936
3368
3413
2889
1925
2933
3316
4642
2829
4366
1853
3353
3196
3825
4851
3424
4152
2992
4207
4376
2259
512
2796
1093
3377
3220
1175
2237
1493
3407
1439
4104
661
4081
477
3937
554
4912
1778
1979
3822
3912
3449
3278
3961
2691
1489
2880
2977
562
4878
3066
4151
2418
3238
4266
4146
3377
2845
4602
3160
2218
888
3887
2861
4120
3526
3632
3988
922
3240
2334
2265
3530
2669
2901
2759
2424
1387
2376
1501
3123
3046
878
4458
2726
2492
2386
962
3856
3908
1239
3945
1685
2377
1102
3842
1655
1253
4025
4299
2609
3702
4552
4721
1880
2918
1566
2080
3128
2878
4095
1230
669
2923
3535
3717
1422
5186
4525
3644
3956
3780
3574
883
2266
3200
5438
2541
2094
4745
6274
4348
1413
4371
4709
3017
3097
2715
2037
2114
2901
4910
1777
2093
4462
3482
5107
2570
2884
4048
2618
2911
2687
1286
2161
1380
1439
646
758
1574
3573
4196
2915
3020
2717
3966
4230
2489
2995
1386
4013
2954
3496
6007
1224
2633
1997
2202
1701
2321
1592
6753
1864
3126
2963
1828
3606
4937
2565
2703
2617
3446
1172
1742
2635
2887
2932
2419
2256
2906
1664
2508
3493
2987
2798
2575
2892
3128
3414
1989
2625
856
3134
3407
2855
3490
4753
1224
1080
1471
3576
3203
5965
2141
4003
3085
3773
3885
3953
2596
2290
5085
1680
2992
2937
3197
582
2529
3061
4115
2977
3191
3538
3903
4165
3546
2321
1932
1424
3184
1006
5735
2683
1996
4354
2924
5725
4035
4703
2320
992
2473
5135
2199
4303
2527
4262
2870
3854
3838
2319
4483
2630
4862
4672
1993
3461
3108
5635
3044
2145
3691
3712
4685
3887
3712
4255
3325
3373
4694
3685
3296
1015
2784
5472
3104
3128
1671
5499
3130
2783
5310
5295
2269
3355
3508
4011
4471
3954
2763
4108
1054
1488
5717
1457
3595
1786
2511
3948
4759
3008
991
2363
3575
2318
2744
3231
4625
1204
3414
899
3534
3579
3085
3971
812
3952
2805
913
1984
1137
4018
3720
3702
2011
5126
4154
3820
671
2953
3475
2893
917
1641
473
2447
2821
2238
1577
2531
2855
3826
1365
2308
3405
2988
2944
2694
3649
3254
1571
1406
1494
1779
2023
3534
999
3598
2492
2620
3507
2178
2984
3308
2390
418
2188
514
3449
859
2650
2052
2566
5247
4592
3391
3606
3420
4865
3525
2104
2148
1852
3669
4833
3532
2590
2618
3140
1152
2015
4039
3146
4611
2352
1785
1889
2198
3299
1998
3302
4227
3310
2488
3859
2898
3831
3950
3886
1823
2416
2623
2137
4233
2769
2256
3661
3000
3429
3639
3168
3030
2894
3368
2759
2050
1663
3810
2397
3033
3368
2380
3359
2160
4394
3391
2282
3533
3115
2994
2197
3771
2743
1674
3135
4207
4228
4105
2399
3885
582
3934
1462
5244
2672
1160
6846
1726
3831
2779
4737
4171
1991
2940
1795
1991
2939
1019
3167
2817
3372
1768
2247
2674
4455
3947
1132
3106
1899
3063
1493
2575
2708
3281
4259
2663
1270
2804
2689
3899
816
1996
4321
2599
1826
920
1403
631
2887
3443
2570
3291
2635
1961
2720
3353
2389
3093
3593
2425
4791
3152
2996
3867
5174
3986
4313
3371
760
1307
3370
2598
3062
3704
1702
3352
3901
3279
4444
3989
3756
4525
4000
6026
3746
4847
2996
3160
3632
570
3349
4174
3353
2527
3022
3081
3654
2442
5310
3381
3177
2309
2507
4784
4398
3344
2357
2113
3128
823
4034
3162
1968
3447
3227
3752
909
3066
2689
3633
4140
4136
3999
3588
2567
1061
2277
612
838
4342
3576
3463
3182
1864
5199
3646
3752
3169
4339
4019
1383
1219
3346
2606
4290
931
1870
3543
1825
1744
2165
3415
3826
2028
2946
2239
4815
2546
2622
725
2816
4128
3360
2346
2896
1265
2567
1299
1821
3087
4121
2895
991
2274
2872
1705
2609
2448
2454
1066
1239
1040
1977
4167
4081
3551
3622
3817
2534
1307
2832
3697
1618
1936
4065
4602
4371
3594
2895
1324
404
1005
1550
4020
4761
719
4315
3940
3628
2940
1654
4806
4753
3709
3293
3078
1594
674
5410
3323
2423
823
3000
2070
2408
2853
2838
3212
2914
2365
1530
1125
3029
3005
1708
3424
4105
2223
3758
5327
3118
3325
4784
2253
4168
3371
4091
447
595
567
2115
2463
1708
2704
3480
2151
4169
2244
4050
3177
439
5019
3712
1366
1192
3179
4003
1179
3128
1534
2681
4932
3469
5993
908
3047
4463
3344
4772
4735
2006
3715
2490
2624
1177
3069
3332
2848
4345
2711
2739
3624
647
2280
2250
4711
3930
3660
3545
760
3048
2389
698
3745
3389
3678
4358
3605
5311
4777
5153
5321
1424
2573
2215
1114
3566
5168
1546
3473
2806
3497
1960
3938
1188
4041
2925
3839
1290
3085
4104
3614
2237
3217
2494
2911
2067
4189
1673
1392
3167
1624
2945
2529
2275
1281
1225
2193
1416
1596
3757
3921
3039
829
3389
1617
962
3686
3319
3514
4751
3500
4000
3291
3970
501
5387
4787
3293
2883
2964
666
3212
2389
3646
3561
2935
1160
1355
2716
714
3342
2379
3166
2297
2816
3534
3071
2620
2335
2293
1013
6083
4602
3062
3297
3304
2769
4227
4057
4391
4426
3172
1680
3752
2719
4362
2186
2412
945
3332
1472
1020
4240
1836
3643
2976
1365
2678
1405
3744
3507
3176
1606
4089
4049
2846
3349
972
2618
1146
3196
4283
4808
3342
3859
3591
4249
3423
4637
227
4845
3576
2326
5856
3954
4522
2239
3955
4001
3704
3897
4960
1391
4595
2773
2381
4411
1952
3716
3701
2846
3618
4205
1166
1466
3424
3191
2303
2381
2544
3648
5431
2046
4944
4680
4188
2745
2762
2626
2576
3243
3124
3045
1703
973
4322
2522
3809
2710
3057
3166
966
4169
8060
2480
4322
2219
1326
4937
3688
3342
3207
2922
3207
1493
2673
3965
4270
1775
2307
3749
2851
3939
3463
2285
5529
3739
4704
3275
3412
1173
2998
1786
2934
2747
3005
3429
2771
1604
738
3726
367
3279
2789
1777
3689
2136
2662
1356
3489
2777
2589
1662
2135
3253
2061
1824
3123
2330
2002
3112
1063
3847
3071
3126
1662
4024
1888
4003
3309
3748
2628
956
3767
1470
6225
5046
4282
1329
3215
3965
2127
5498
4943
4552
3815
3505
4026
1293
3214
1322
4287
2460
1291
4536
3444
3968
3712
4143
1801
917
5606
3225
2531
2104
2292
2267
2089
3148
2655
1332
3052
1447
1379
3029
3395
3119
3373
602
1727
2782
2835
2607
6141
2642
4772
5225
1137
2158
791
4184
4824
3399
3293
3841
3165
1354
2599
4026
2334
1134
3633
1766
4162
3207
3215
3787
2770
1876
1576
4662
2978
3772
4375
3381
3472
3074
4692
3178
3109
3381
1810
3806
1165
3587
3136
1458
906
1333
4607
3372
6115
2944
2517
2453
2311
4361
2624
3208
1806
3745
2881
6685
2699
3210
2021
3850
2592
3275
4471
1027
4500
1637
4691
642
5201
5122
2444
1568
3616
4126
3423
2991
1603
2294
1367
3053
2078
3142
1578
2296
4316
3585
3271
2766
3447
2033
1915
1451
784
1595
2131
3933
1279
3750
1918
2811
3868
4437
3831
4463
1812
2079
2264
4011
1552
2580
2177
2225
1877
1082
3728
4065
2021
2964
1945
2580
3762
2824
4877
4236
1817
1897
3552
4113
3636
4174
3928
2233
2258
1598
1505
853
3977
4107
2323
3805
2593
4494
2898
740
2648
2936
3834
837
2857
2977
3434
2938
2827
2703
3186
1659
1980
1926
3825
2389
1120
2329
3575
2551
2841
2668
4132
2961
4230
3243
2554
1600
2112
1867
2610
918
4100
2891
3308
2623
2589
834
3159
3345
2407
4437
2971
1928
994
2511
3108
4955
2214
2915
1032
2752
2628
4454
1218
2504
5155
2068
4168
4857
1348
4786
4681
3461
2489
1314
2724
1704
2256
3434
2315
2634
2892
3804
2858
2154
3355
1073
3971
2264
2260
3132
3309
445
3594
1237
2744
3983
3256
1748
3890
3543
2700
4355
2027
6437
3216
3216
1974
2465
2859
3230
2427
776
3917
2678
2702
3241
4199
2466
3579
3253
3989
3284
3435
4331
3258
4226
4353
1334
3670
2436
3979
3788
3249
981
3159
2615
1929
3483
2218
4183
4443
4386
7280
3625
3772
2349
3193
5381
4224
4622
2983
3079
2698
2952
5120
3283
5407
7264
1185
1839
3363
1770
1626
2466
4324
1036
1750
4229
4957
2594
4411
2854
749
1241
2067
2101
3843
2591
3596
3877
849
2834
3346
1555
1011
1307
2391
2719
3181
4123
4333
1557
1572
4051
4525
3872
1512
4371
4163
2530
2374
2869
2307
1851
3805
3916
4423
4269
1437
3952
4259
3765
2559
894
3148
1184
3867
1887
3191
4398
3096
3457
1773
1107
4568
2644
3411
2897
3797
3442
3451
3278
1849
1791
3812
1653
5471
4728
3182
4547
2482
2705
589
3346
3378
526
3628
1650
3289
1771
4322
3244
3064
3450
1682
1699
2629
2511
1942
4200
2938
3117
4177
3353
3584
2815
4266
1155
2741
827
1677
3027
4180
749
5271
3780
3849
4600
2427
2887
2525
464
2701
3369
2168
3326
2271
2792
2948
4030
974
3427
2109
1851
3460
2700
1694
1680
1771
3835
1553
2132
4428
5288
2499
3135
1513
3455
2775
3555
3887
1636
2769
2451
2780
1815
1901
4491
1372
2202
4647
2034
1104
3316
3289
4131
2830
2108
2100
4301
4053
4135
3262
5983
3799
4026
4360
3143
2639
1485
3138
2406
1148
2021
2776
3578
2573
2907
3944
3123
2432
3680
2350
2497
1035
2230
3918
1766
2275
2180
2856
3129
3638
2598
2471
2809
3875
1893
3880
2783
3056
1000
4244
2634
3075
5433
3428
3400
1811
4982
2997
2440
2421
4613
2487
3003
4063
4020
3108
1639
1127
3431
1887
2807
3168
3019
3660
1055
3974
1087
2622
2284
3221
2822
2191
3308
366
3661
4081
1454
2148
3338
5249
4094
3227
1024
2452
4402
2625
2701
3126
4590
1423
4429
4159
3543
3643
3239
4048
2887
3476
3704
3227
2666
4744
4433
1363
3153
4656
3511
3975
3594
3687
3988
2358
1766
4083
3012
3719
3517
2360
1799
1788
3945
954
2899
2314
3944
4182
3933
3423
3274
3188
4121
4817
668
4742
3472
2918
4044
3565
1604
3072
3090
2098
2990
1373
3024
3102
4273
3611
3393
3617
1760
2568
3480
1898
3340
4079
2855
4308
3337
2144
3811
2040
3773
4904
2047
1294
4362
3706
3931
2000
4993
4339
4255
4414
3536
2669
4019
768
3626
4878
3997
3884
3904
4656
914
3791
4239
4152
3843
3113
4773
3350
598
3740
3030
3701
3005
4059
3504
2151
2874
3463
2991
2957
4405
4379
3085
3155
2727
2995
2241
4517
4056
7135
10316
3052
2538
1059
5351
4953
3016
5034
2157
818
5093
5723
2216
3700
3040
2804
3775
3156
3039
4946
2392
3994
741
4264
6467
613
4810
4858
1577
1018
4494
2795
864
4847
1304
5381
2976
1084
4636
6040
5481
4745
3196
3736
5016
3145
1226
2968
3683
2886
2984
2745
3958
1349
2369
3280
2213
3454
4685
3616
1972
3709
3244
2603
3414
1292
3641
2913
2473
2100
1859
1035
2947
2405
3394
3573
2117
1984
2213
3016
903
4123
2861
1491
4234
4632
4020
4263
3680
948
3250
3602
3381
3074
1535
4351
1261
509
4196
4957
3125
3601
1629
989
4356
2759
3379
3382
3035
5824
3813
2698
3131
4512
2645
1896
2109
1510
3223
3548
4222
1616
3384
4197
747
3704
4495
3008
3828
3365
3008
2650
3717
481
2833
5476
4115
4237
3859
3237
3402
4234
1296
4396
4478
3762
3689
3971
4798
841
4022
2640
1585
5635
1568
4217
3480
3912
2926
5315
4240
1478
4262
716
5488
1122
4290
5119
788
3272
4820
875
2496
2021
4417
4153
5090
6093
3502
3516
4058
3433
3725
3562
2961
3974
2090
3326
3158
3962
1973
4115
2422
4863
4589
1302
1602
1640
2195
4136
2996
3636
1080
2022
3351
3772
3741
3292
4976
5149
802
3567
1199
1378
1960
2901
2093
3524
3094
4181
3833
2427
4254
3514
2427
3796
3572
2508
1077
1321
3036
5140
3420
2896
2632
1276
2546
572
4984
1824
3994
2673
1415
2093
2819
1355
613
1449
1319
607
619
3355
2202
2715
711
2181
403
796
1817
1253
2247
3033
948
3095
1798
2529
1612
3361
